voltage
-36
-71
-120
-150
-160
-133
-96
-56
-28
-39
-56
-76
-93
-87
-95
-96
-98
-67
-38
-9
-5
-18
-35
-56
-64
-51
-8
-4
-1
-6
-17
-29
-65
-80
-97
-99
-98
-82
-60
-42
-26
-38
-26
-14
3
2
-19
-48
-79
-95
-88
-57
-26
-2
9
2
-11
-42
-66
-78
-68
-58
-59
-66
-40
-13
-3
-7
-33
-72
-93
-92
-77
-64
-56
-64
-90
-94
-90
-79
-62
-51
-17
-7
-6
-17
-33
-28
-6
-1
9
-9
-21
-28
-12
9
17
7
-16
-35
-63
-75
-72
-58
-52
-53
-56
-57
-49
-36
-10
3
46
75
97
99
92
84
61
46
25
7
-8
-16
0
-5
9
-2
1
21
28
40
32
61
86
96
93
84
61
38
30
23
23
27
23
13
6
-16
-9
0
35
52
81
63
54
24
5
-3
2
11
10
2
-18
-16
-25
-3
3
29
40
61
66
59
62
54
35
10
1
-18
-30
-44
-54
-50
-24
0
25
32
27
32
16
-11
-45
-71
-73
-48
-25
-7
5
-5
-28
-49
-44
-36
-32
-27
-12
-17
-24
-41
-46
-49
-29
-31
-26
-33
-36
-31
-31
-30
-29
-38
-65
-87
-105
-97
-83
-58
-46
-44
-39
-63
-76
-90
-89
-85
-81
-75
-67
-69
-45
-36
-36
-46
-50
-60
-60
-58
-47
-33
-2
1
7
-7
-13
-16
-40
-44
-52
-46
-36
-24
-13
-20
-27
-34
-43
-59
-67
-77
-81
-76
-60
-51
-43
-30
-35
-26
-12
7
12
2
-3
-11
-21
-35
-55
-65
-66
-52
-25
-3
14
26
11
-3
-3
3
8
12
2
1
-1
-15
-39
-42
-24
7
3
-4
-21
-12
-6
12
22
24
12
-7
-19
-39
-59
-88
-99
-105
-84
-79
-33
15
43
47
27
19
1
-18
-31
-35
-21
-32
-45
-77
-71
-52
-42
-53
-67
-65
-67
-65
-49
-39
-30
-34
-53
-74
-77
-52
-15
8
27
34
36
29
24
12
11
18
18
3
-34
-63
-84
-92
-67
-43
-17
6
21
30
42
16
-6
-52
-61
-61
-57
-28
-23
-25
-39
-46
-46
-38
-32
-13
-29
-59
-91
-95
-106
-101
-76
-44
-32
-40
-55
-63
-58
-52
-38
-40
-43
-25
-25
-13
-2
-6
0
-5
-10
-31
-37
-28
-11
5
12
-11
-30
-41
-46
-43
-55
-67
-76
-66
-63
-60
-62
-61
-43
-47
-55
-76
-70
-60
-34
-33
-43
-53
-64
-49
-53
-48
-49
-47
-63
-60
-61
-58
-45
-19
1
-3
-6
-16
-17
-36
-39
-51
-60
-60
-48
-32
-21
-27
-29
-35
-23
-13
-27
-38
-54
-40
-33
8
30
49
55
44
21
-10
-31
-41
-52
-53
-58
-57
-68
-57
-58
-51
-67
-83
-135
-154
-156
-130
-107
-81
-49
-35
-31
-35
-40
-41
-49
-38
-43
-37
-36
-31
-39
-48
-52
-53
-53
-30
-19
-9
2
26
52
65
63
41
0
-30
-85
-115
-122
-113
-84
-63
-47
-37
-30
-17
-2
-9
-36
-54
-77
-107
-121
-128
-114
-85
-58
-35
-17
-3
21
27
37
19
10
-16
-40
-44
-60
-49
-25
17
43
39
27
3
-2
-9
-34
-58
-93
-103
-102
-82
-62
-46
-37
-29
-43
-55
-78
-79
-68
-77
-77
-87
-99
-101
-109
-107
-112
-104
-101
-78
-68
-62
-63
-65
-45
-36
-46
-44
-36
-7
4
15
7
-8
-32
-49
-47
-47
-36
-27
-25
-10
-11
-9
-19
-24
-57
-82
-95
-78
-56
-38
-13
-19
-24
-41
-66
-86
-86
-81
-41
-30
-18
-30
-38
-43
-37
-29
-32
-24
-58
-87
-118
-113
-88
-77
-40
-31
-18
-13
-4
6
-1
1
-8
-6
-9
-21
-23
-16
6
24
21
10
7
-3
7
15
19
14
-8
-18
-23
-23
-10
-20
-17
-38
-53
-66
-55
-41
-40
-47
-62
-52
-49
-43
-33
-44
-44
-43
-28
-17
-12
5
32
37
45
20
-1
-13
-10
5
30
40
40
21
20
21
32
29
41
44
26
7
-6
-4
17
43
40
17
-20
-45
-48
-39
-28
-18
3
14
30
16
-9
-29
-40
-59
-62
-56
-55
-45
-39
-43
-57
-74
-81
-94
-83
-79
-79
-75
-51
-23
1
11
16
16
16
10
-7
-30
-36
-33
-23
-29
-2
25
53
44
23
25
13
6
-8
-49
-72
-97
-99
-85
-46
-21
-11
-15
-31
-51
-59
-44
-9
2
6
-2
13
29
38
39
34
27
30
11
6
-2
-18
-31
-50
-53
-30
-10
-2
0
-16
-12
-1
-13
-25
-37
-53
-62
-61
-77
-79
-66
-48
-21
-14
4
-1
-23
-22
-9
-7
-6
-16
-23
-5
11
31
64
64
71
41
19
1
-1
-6
-16
-35
-54
-59
-47
-31
-17
-2
3
0
-28
-54
-75
-67
-75
-70
-76
-71
-53
-35
-16
20
39
42
17
-2
-24
-47
-69
-66
-69
-65
-59
-70
-64
-72
-68
-64
-72
-78
-76
-84
-68
-45
-27
-39
-37
-38
-11
9
19
39
45
44
21
-27
-58
-69
-71
-48
-44
-41
-38
-31
-16
-26
-22
-38
-41
-58
-56
-45
-31
-32
-33
-32
-19
25
61
77
83
67
48
3
-27
-55
-71
-52
-42
-29
-43
-41
-33
-4
11
46
55
44
14
-20
-59
-65
-57
-57
-62
-67
-60
-40
-21
8
10
-1
-16
-29
-36
-33
-37
-41
-46
-34
-32
2
17
49
43
57
33
12
-24
-43
-45
-46
-40
-35
-23
-34
-32
-30
-16
1
11
12
-31
-52
-75
-86
-81
-77
-56
-27
0
11
12
9
7
-1
-13
-26
-25
-20
-5
1
-2
-2
12
39
46
50
45
40
25
16
2
-39
-72
-99
-97
-79
-43
2
39
72
98
112
119
93
54
5
-18
-28
-46
-70
-85
-78
-51
10
61
81
94
111
117
110
80
60
16
-7
-28
-24
-31
-4
5
18
42
52
78
87
91
63
31
-29
-48
-64
-66
-48
-42
-35
-25
-15
-14
-18
-12
-15
-26
-52
-71
-82
-58
-51
-46
-68
-80
-80
-92
-72
-50
-11
6
8
4
-14
-30
-47
-58
-81
-91
-96
-86
-70
-58
-30
-33
-23
-23
-36
-42
-48
-51
-56
-70
-83
-93
-86
-75
-68
-76
-77
-107
-137
-142
-136
-124
-122
-136
-146
-149
-164
-143
-133
-115
-85
-69
-77
-91
-102
-117
-124
-137
-138
-144
-156
-145
-145
-140
-117
-101
-87
-87
-66
-52
-39
-41
-52
-64
-67
-78
-91
-92
-91
-97
-95
-91
-84
-66
-60
-78
-74
-82
-55
-43
-56
-79
-87
-101
-100
-98
-95
-87
-79
-57
-40
-29
-34
-58
-91
-109
-112
-106
-91
-72
-44
-19
3
9
12
-1
-1
-14
-35
-43
-37
-33
-22
-2
9
26
14
-1
-25
-21
-17
-26
-38
-73
-86
-93
-78
-59
-32
-20
-14
-43
-96
-115
-101
-56
-32
-18
-31
-42
-52
-57
-43
-37
-17
-6
-3
-8
4
-1
0
3
-17
-41
-65
-79
-80
-78
-45
-29
-1
15
19
-5
-35
-69
-70
-82
-71
-67
-45
-30
0
22
26
18
-2
-24
-36
-42
-35
-42
-31
-23
-19
-3
17
33
62
76
73
43
-7
-27
-40
-28
-15
1
-6
-4
-8
-7
-22
-17
-19
-35
-34
-42
-37
-24
-29
-23
-35
-25
-11
11
18
30
22
-1
-8
-21
-19
-13
-19
-9
-18
-16
6
27
63
82
67
40
16
13
26
49
72
80
75
60
53
54
44
24
-17
-56
-81
-89
-82
-63
-38
-8
17
34
51
41
44
50
38
-1
-40
-78
-106
-89
-58
-20
3
17
20
22
27
33
36
38
49
34
-7
-58
-90
-103
-83
-48
-24
-3
18
53
91
124
138
108
62
-4
-37
-44
-46
-43
-56
-71
-79
-57
-33
-5
10
16
3
-9
-39
-60
-61
-45
-31
-56
-75
-85
-76
-40
7
15
4
-24
-42
-34
-25
-21
-24
-49
-50
-64
-63
-60
-46
-40
-31
-42
-46
-69
-80
-65
-69
-53
-46
-32
-15
-3
1
0
-2
6
4
-8
-10
-27
-29
-33
-21
-5
-4
-18
-25
-24
-29
-29
-47
-55
-57
-58
-78
-102
-111
-90
-63
-20
15
22
25
14
-1
-20
-28
-28
-45
-51
-69
-80
-72
-45
-14
19
31
49
36
19
-2
-20
-37
-50
-52
-48
-26
3
21
51
65
96
82
78
89
98
91
60
9
-52
-91
-111
-104
-98
-76
-67
-65
-81
-81
-78
-72
-57
-70
-62
-65
-49
-44
-41
-21
-5
19
29
41
30
9
-2
7
-6
-29
-47
-56
-63
-70
-92
-113
-116
-122
-115
-110
-87
-79
-66
-79
-87
-94
-78
-62
-55
-61
-79
-90
-114
-107
-89
-78
-82
-73
-62
-47
-39
-38
-26
-24
-6
-19
-39
-76
-96
-106
-94
-83
-77
-77
-85
-68
-43
-17
29
30
15
-14
-43
-61
-74
-61
-54
-46
-35
-12
7
23
29
9
-13
-33
-20
-2
7
1
-10
-17
-2
-6
3
22
28
28
25
2
6
-16
-12
-15
-17
-1
13
38
38
27
37
38
43
38
13
-10
-33
-43
-46
-76
-74
-84
-88
-91
-100
-79
-74
-51
-33
-15
-5
-4
-26
-67
-85
-90
-96
-60
-43
-9
18
49
58
50
31
6
-9
-26
-20
-1
8
7
-8
-40
-47
-32
-21
-10
18
22
14
-5
-20
-26
-35
-51
-66
-80
-99
-112
-117
-122
-97
-81
-59
-46
-40
-36
-36
-9
-6
-9
-29
-62
-84
-102
-92
-73
-58
-34
-18
-11
-2
-1
1
-6
-8
16
21
19
-3
-18
-36
-51
-59
-60
-65
-66
-68
